<?xml version="1.0" encoding="utf-8" standalone="yes" ?>
<!--Torque Constructor Scene document http://www.garagegames.com-->
<ConstructorScene version="4" creator="Torque Constructor" date="2024/07/28 12:37:38">
    <Sunlight azimuth="180" elevation="35" color="255 255 255" ambient="64 64 64" />
    <LightingOptions lightingSystem="" ineditor_defaultLightmapSize="256" ineditor_maxLightmapSize="256" ineditor_lightingPerformanceHint="0" ineditor_shadowPerformanceHint="1" ineditor_TAPCompatibility="0" ineditor_useSunlight="0" export_defaultLightmapSize="256" export_maxLightmapSize="256" export_lightingPerformanceHint="0" export_shadowPerformanceHint="1" export_TAPCompatibility="0" export_useSunlight="0" />
    <GameTypes>
        <GameType name="Constructor" />
        <GameType name="Torque" />
    </GameTypes>
    <DetailLevels current="0">
        <DetailLevel minPixelSize="0" actionCenter="0 0 0">
            <InteriorMap brushScale="32" lightScale="8" ambientColor="0 0 0" ambientColorEmerg="0 0 0">
                <Entities nextEntityID="1">
                    <Entity id="0" classname="worldspawn" gametype="Torque" isPointEntity="0">
                        <Properties detail_number="0" min_pixels="250" geometry_scale="32" light_geometry_scale="8" light_smoothing_scale="4.0" light_mesh_scale="1.0" ambient_color="0 0 0" emergency_ambient_color="0 0 0" mapversion="220" />
                    </Entity>
                </Entities>
                <Brushes nextBrushID="18">
                    <Brush id="16" owner="0" type="0" pos="2.98023e-008 -2.98023e-008 0.5" rot="1 0 0 0" scale="" transform="1 0 0 2.98023e-008 0 1 0 -2.98023e-008 0 0 1 0.5 0 0 0 1" group="-1" locked="0" nextFaceID="97" nextVertexID="177">
                        <Vertices>
                            <Vertex pos="0.46194 0.191342 -0.5" />
                            <Vertex pos="0.46194 0.191342 0.25" />
                            <Vertex pos="0.5 -1.2296e-007 -0.5" />
                            <Vertex pos="0.5 -1.2296e-007 0.25" />
                            <Vertex pos="0.353553 0.353553 -0.5" />
                            <Vertex pos="0.353553 0.353553 0.25" />
                            <Vertex pos="0.19134 0.46194 -0.5" />
                            <Vertex pos="0.19134 0.46194 0.25" />
                            <Vertex pos="-1.86293e-006 0.5 -0.5" />
                            <Vertex pos="-1.86293e-006 0.5 0.25" />
                            <Vertex pos="-0.191344 0.461939 -0.5" />
                            <Vertex pos="-0.191344 0.461939 0.25" />
                            <Vertex pos="-0.353552 0.353555 -0.5" />
                            <Vertex pos="-0.353552 0.353555 0.25" />
                            <Vertex pos="-0.461939 0.191343 -0.5" />
                            <Vertex pos="-0.461939 0.191343 0.25" />
                            <Vertex pos="-0.5 1.25189e-006 -0.5" />
                            <Vertex pos="-0.5 1.25189e-006 0.25" />
                            <Vertex pos="-0.46194 -0.191341 -0.5" />
                            <Vertex pos="-0.46194 -0.191341 0.25" />
                            <Vertex pos="-0.353554 -0.353553 -0.5" />
                            <Vertex pos="-0.353554 -0.353553 0.25" />
                            <Vertex pos="-0.191342 -0.46194 -0.5" />
                            <Vertex pos="-0.191342 -0.46194 0.25" />
                            <Vertex pos="4.28482e-007 -0.5 -0.5" />
                            <Vertex pos="4.28482e-007 -0.5 0.25" />
                            <Vertex pos="0.191343 -0.461939 -0.5" />
                            <Vertex pos="0.191343 -0.461939 0.25" />
                            <Vertex pos="0.353554 -0.353552 -0.5" />
                            <Vertex pos="0.353554 -0.353552 0.25" />
                            <Vertex pos="0.46194 -0.19134 -0.5" />
                            <Vertex pos="0.46194 -0.19134 0.25" />
                        </Vertices>
                        <Face id="78" plane="0.980786 0.195089 0 -0.490393" album="" material="metal_bm" texgens="-0.195089 0.980786 0 3.12142 0 0 -1 -16 0 1 1" texRot="0" texScale="1 1" texDiv="256 256">
                            <Indices indices=" 3 1 0 2" />
                        </Face>
                        <Face id="79" plane="0.831467 0.555574 -0 -0.490393" album="" material="metal_bm" texgens="-0.555574 0.831467 0 9.36443 0 0 -1 -16 0 1 1" texRot="0" texScale="1 1" texDiv="256 256">
                            <Indices indices=" 5 4 0 1" />
                        </Face>
                        <Face id="80" plane="0.555569 0.83147 -0 -0.490392" album="" material="metal_bm" texgens="-0.83147 0.555569 0 15.6073 0 0 -1 -16 0 1 1" texRot="0" texScale="1 1" texDiv="256 256">
                            <Indices indices=" 7 6 4 5" />
                        </Face>
                        <Face id="81" plane="0.195089 0.980786 -0 -0.490392" album="" material="metal_bm" texgens="-0.980786 0.195089 0 21.8501 0 0 -1 -16 0 1 1" texRot="0" texScale="1 1" texDiv="256 256">
                            <Indices indices=" 9 8 6 7" />
                        </Face>
                        <Face id="82" plane="-0.195094 0.980785 0 -0.490393" album="" material="metal_bm" texgens="-0.980785 -0.195094 0 28.0931 0 0 -1 -16 0 1 1" texRot="0" texScale="1 1" texDiv="256 256">
                            <Indices indices=" 11 10 8 9" />
                        </Face>
                        <Face id="83" plane="-0.55557 0.83147 0 -0.490393" album="" material="metal_bm" texgens="-0.831469 -0.55557 0 34.3359 0 0 -1 -16 0 1 1" texRot="0" texScale="1 1" texDiv="256 256">
                            <Indices indices=" 13 12 10 11" />
                        </Face>
                        <Face id="84" plane="-0.831469 0.555572 0 -0.490393" album="" material="metal_bm" texgens="-0.555572 -0.831469 0 40.5788 0 0 -1 -16 0 1 1" texRot="0" texScale="1 1" texDiv="256 256">
                            <Indices indices=" 15 14 12 13" />
                        </Face>
                        <Face id="85" plane="-0.980785 0.195094 0 -0.490393" album="" material="metal_bm" texgens="-0.195094 -0.980785 0 46.8216 0 0 -1 -16 0 1 1" texRot="0" texScale="1 1" texDiv="256 256">
                            <Indices indices=" 17 16 14 15" />
                        </Face>
                        <Face id="86" plane="-0.980786 -0.195088 0 -0.490393" album="" material="metal_bm" texgens="0.195089 -0.980786 0 53.0645 0 0 -1 -16 0 1 1" texRot="0" texScale="1 1" texDiv="256 256">
                            <Indices indices=" 19 18 16 17" />
                        </Face>
                        <Face id="87" plane="-0.831471 -0.555568 0 -0.490393" album="" material="metal_bm" texgens="0.555568 -0.831471 0 59.3073 0 0 -1 -16 0 1 1" texRot="0" texScale="1 1" texDiv="256 256">
                            <Indices indices=" 21 20 18 19" />
                        </Face>
                        <Face id="88" plane="-0.555572 -0.831469 0 -0.490393" album="" material="metal_bm" texgens="0.831469 -0.555572 0 65.5502 0 0 -1 -16 0 1 1" texRot="0" texScale="1 1" texDiv="256 256">
                            <Indices indices=" 23 22 20 21" />
                        </Face>
                        <Face id="89" plane="-0.195088 -0.980786 3.89729e-008 -0.490393" album="" material="metal_bm" texgens="0.980786 -0.195088 0 71.7932 0 0 -1 -16 0 1 1" texRot="0" texScale="1 1" texDiv="256 256">
                            <Indices indices=" 25 24 22 23" />
                        </Face>
                        <Face id="90" plane="0.195093 -0.980785 0 -0.490392" album="" material="metal_bm" texgens="0.980785 0.195093 0 78.036 0 0 -1 -16 0 1 1" texRot="0" texScale="1 1" texDiv="256 256">
                            <Indices indices=" 27 26 24 25" />
                        </Face>
                        <Face id="91" plane="0.555574 -0.831467 0 -0.490392" album="" material="metal_bm" texgens="0.831467 0.555574 0 84.2792 0 0 -1 -16 0 1 1" texRot="0" texScale="1 1" texDiv="256 256">
                            <Indices indices=" 29 28 26 27" />
                        </Face>
                        <Face id="92" plane="0.831471 -0.555568 0 -0.490392" album="" material="metal_bm" texgens="0.555568 0.831471 0 90.5221 0 0 -1 -16 0 1 1" texRot="0" texScale="1 1" texDiv="256 256">
                            <Indices indices=" 31 30 28 29" />
                        </Face>
                        <Face id="93" plane="0.980785 -0.195091 3.89729e-008 -0.490393" album="" material="metal_bm" texgens="0.195091 0.980785 0 96.7649 0 0 -1 -16 0 1 1" texRot="0" texScale="1 1" texDiv="256 256">
                            <Indices indices=" 31 3 2 30" />
                        </Face>
                        <Face id="94" plane="-0 0 -1 -0.5" album="" material="metal_bm" texgens="-1 0 0 0.5 0 -1 0 0.5 0 1 1" texRot="0" texScale="1 1" texDiv="256 256">
                            <Indices indices=" 30 2 0 4 6 8 10 12 14 16 18 20 22 24 26 28" />
                        </Face>
                        <Face id="95" plane="-6.63827e-007 4.43552e-007 1 -0.25" album="" material="metal_bm" texgens="1 0 0 0.5 0 -1 0 0.5 0 1 1" texRot="0" texScale="1 1" texDiv="256 256">
                            <Indices indices=" 31 29 27 25 23 21 19 17 15 13 11 9 7 5 1 3" />
                        </Face>
                    </Brush>
                    <Brush id="17" owner="0" type="0" pos="0 0 1" rot="1 0 0 0" scale="" transform="1 0 0 0 0 1 0 0 0 0 1 1 0 0 0 1" group="-1" locked="0" nextFaceID="35" nextVertexID="35">
                        <Vertices>
                            <Vertex pos="1.58373e-006 2.08598e-006 0.249999" />
                            <Vertex pos="0.46194 0.191342 -0.249999" />
                            <Vertex pos="0.5 1.04274e-006 -0.249999" />
                            <Vertex pos="0.353554 0.353552 -0.249999" />
                            <Vertex pos="0.191339 0.46194 -0.249999" />
                            <Vertex pos="-1.97312e-006 0.5 -0.249999" />
                            <Vertex pos="-0.191344 0.461939 -0.249999" />
                            <Vertex pos="-0.353552 0.353556 -0.249999" />
                            <Vertex pos="-0.461939 0.191343 -0.249999" />
                            <Vertex pos="-0.5 7.21773e-007 -0.249999" />
                            <Vertex pos="-0.46194 -0.191341 -0.249999" />
                            <Vertex pos="-0.353554 -0.353553 -0.249999" />
                            <Vertex pos="-0.191342 -0.46194 -0.249999" />
                            <Vertex pos="1.45042e-006 -0.5 -0.249999" />
                            <Vertex pos="0.191343 -0.461939 -0.249999" />
                            <Vertex pos="0.353554 -0.353552 -0.249999" />
                            <Vertex pos="0.46194 -0.191341 -0.249999" />
                        </Vertices>
                        <Face id="17" plane="0.700215 0.13928 0.700215 -0.175054" album="" material="metal_bm" texgens="-0.195089 0.980785 0 3.12143 0.68676 0.136604 -0.713933 -16.6996 0 1 1" texRot="0" texScale="1 1" texDiv="256 256">
                            <Indices indices=" 2 0 1" />
                        </Face>
                        <Face id="18" plane="0.593612 0.396643 0.700214 -0.175055" album="" material="metal_bm" texgens="-0.555574 0.831467 0 9.36442 0.582206 0.389021 -0.713932 -16.6996 0 1 1" texRot="0" texScale="1 1" texDiv="256 256">
                            <Indices indices=" 3 1 0" />
                        </Face>
                        <Face id="19" plane="0.39664 0.593615 0.700213 -0.175055" album="" material="metal_bm" texgens="-0.83147 0.555569 0 15.6072 0.389017 0.582207 -0.713934 -16.6996 0 1 1" texRot="0" texScale="1 1" texDiv="256 256">
                            <Indices indices=" 4 3 0" />
                        </Face>
                        <Face id="20" plane="0.139281 0.700215 0.700214 -0.175055" album="" material="metal_bm" texgens="-0.980785 0.195089 0 21.8501 0.136604 0.68676 -0.713933 -16.6996 0 1 1" texRot="0" texScale="1 1" texDiv="256 256">
                            <Indices indices=" 5 4 0" />
                        </Face>
                        <Face id="21" plane="-0.139284 0.700214 0.700215 -0.175054" album="" material="metal_bm" texgens="-0.980785 -0.195094 0 28.0931 -0.136607 0.68676 -0.713933 -16.6996 0 1 1" texRot="0" texScale="1 1" texDiv="256 256">
                            <Indices indices=" 6 5 0" />
                        </Face>
                        <Face id="22" plane="-0.396639 0.593612 0.700216 -0.175054" album="" material="metal_bm" texgens="-0.831469 -0.555571 0 34.3359 -0.389019 0.582207 -0.713932 -16.6996 0 1 1" texRot="0" texScale="1 1" texDiv="256 256">
                            <Indices indices=" 7 6 0" />
                        </Face>
                        <Face id="23" plane="-0.593611 0.39664 0.700216 -0.175053" album="" material="metal_bm" texgens="-0.555572 -0.831468 0 40.5788 -0.582206 0.389019 -0.713933 -16.6996 0 1 1" texRot="0" texScale="1 1" texDiv="256 256">
                            <Indices indices=" 8 7 0" />
                        </Face>
                        <Face id="24" plane="-0.700212 0.139284 0.700216 -0.175053" album="" material="metal_bm" texgens="-0.195093 -0.980785 0 46.8216 -0.686759 0.136608 -0.713933 -16.6996 0 1 1" texRot="0" texScale="1 1" texDiv="256 256">
                            <Indices indices=" 9 8 0" />
                        </Face>
                        <Face id="25" plane="-0.700212 -0.13928 0.700217 -0.175052" album="" material="metal_bm" texgens="0.195089 -0.980786 0 53.0645 -0.68676 -0.136604 -0.713933 -16.6996 0 1 1" texRot="0" texScale="1 1" texDiv="256 256">
                            <Indices indices=" 10 9 0" />
                        </Face>
                        <Face id="26" plane="-0.593612 -0.396636 0.700218 -0.175052" album="" material="metal_bm" texgens="0.555568 -0.831471 0 59.3073 -0.582208 -0.389017 -0.713932 -16.6996 0 1 1" texRot="0" texScale="1 1" texDiv="256 256">
                            <Indices indices=" 11 10 0" />
                        </Face>
                        <Face id="27" plane="-0.396639 -0.59361 0.700218 -0.175052" album="" material="metal_bm" texgens="0.831468 -0.555572 0 65.5502 -0.389019 -0.582207 -0.713932 -16.6996 0 1 1" texRot="0" texScale="1 1" texDiv="256 256">
                            <Indices indices=" 12 11 0" />
                        </Face>
                        <Face id="28" plane="-0.139279 -0.700212 0.700218 -0.175052" album="" material="metal_bm" texgens="0.980786 -0.195089 0 71.7932 -0.136604 -0.68676 -0.713933 -16.6996 0 1 1" texRot="0" texScale="1 1" texDiv="256 256">
                            <Indices indices=" 13 12 0" />
                        </Face>
                        <Face id="29" plane="0.139283 -0.700212 0.700217 -0.175052" album="" material="metal_bm" texgens="0.980785 0.195093 0 78.036 0.136607 -0.686759 -0.713933 -16.6996 0 1 1" texRot="0" texScale="1 1" texDiv="256 256">
                            <Indices indices=" 14 13 0" />
                        </Face>
                        <Face id="30" plane="0.396641 -0.59361 0.700216 -0.175053" album="" material="metal_bm" texgens="0.831467 0.555574 0 84.2792 0.389021 -0.582205 -0.713932 -16.6996 0 1 1" texRot="0" texScale="1 1" texDiv="256 256">
                            <Indices indices=" 15 14 0" />
                        </Face>
                        <Face id="31" plane="0.593614 -0.396638 0.700215 -0.175053" album="" material="metal_bm" texgens="0.555568 0.831471 0 90.5221 0.582208 -0.389017 -0.713932 -16.6996 0 1 1" texRot="0" texScale="1 1" texDiv="256 256">
                            <Indices indices=" 16 15 0" />
                        </Face>
                        <Face id="32" plane="0.700214 -0.139282 0.700215 -0.175054" album="" material="metal_bm" texgens="0.195092 0.980785 0 96.7649 0.68676 -0.136605 -0.713933 -16.6996 0 1 1" texRot="0" texScale="1 1" texDiv="256 256">
                            <Indices indices=" 16 0 2" />
                        </Face>
                        <Face id="33" plane="-0 0 -1 -0.249999" album="" material="metal_bm" texgens="-1 0 0 0.5 0 -1 0 0.5 0 1 1" texRot="0" texScale="1 1" texDiv="256 256">
                            <Indices indices=" 16 2 1 3 4 5 6 7 8 9 10 11 12 13 14 15" />
                        </Face>
                    </Brush>
                </Brushes>
            </InteriorMap>
        </DetailLevel>
    </DetailLevels>
</ConstructorScene>
