<?xml version="1.0" encoding="utf-8" standalone="yes" ?>
<!--Torque Constructor Scene document http://www.garagegames.com-->
<ConstructorScene version="4" creator="Torque Constructor" date="2024/07/05 18:33:58">
    <Sunlight azimuth="180" elevation="35" color="100 100 100" ambient="64 64 64" />
    <LightingOptions lightingSystem="" ineditor_defaultLightmapSize="256" ineditor_maxLightmapSize="256" ineditor_lightingPerformanceHint="0" ineditor_shadowPerformanceHint="1" ineditor_TAPCompatibility="0" ineditor_useSunlight="0" export_defaultLightmapSize="256" export_maxLightmapSize="256" export_lightingPerformanceHint="0" export_shadowPerformanceHint="1" export_TAPCompatibility="0" export_useSunlight="0" />
    <GameTypes>
        <GameType name="Constructor" />
        <GameType name="Torque" />
    </GameTypes>
    <DetailLevels current="0">
        <DetailLevel minPixelSize="0" actionCenter="0 0 0">
            <InteriorMap brushScale="32" lightScale="8" ambientColor="0 0 0" ambientColorEmerg="0 0 0">
                <Entities nextEntityID="1">
                    <Entity id="0" classname="worldspawn" gametype="Torque" isPointEntity="0">
                        <Properties detail_number="0" min_pixels="250" geometry_scale="32.0" light_geometry_scale="8.0" light_smoothing_scale="4.0" light_mesh_scale="1.0" ambient_color="0 0 0" emergency_ambient_color="0 0 0" mapversion="220" />
                    </Entity>
                </Entities>
                <Brushes nextBrushID="92">
                    <Brush id="3" owner="0" type="0" pos="-2.7258e-008 19 0" rot="-0.862856 0.357407 -0.357407 1.71777" scale="" transform="0.707107 -0.707107 0 -2.7258e-008 4.21469e-008 4.21468e-008 -1 19 0.707107 0.707107 5.96046e-008 0 0 0 0 1" group="-1" locked="0" nextFaceID="56" nextVertexID="6">
                        <Vertices>
                            <Vertex pos="0.5 0.5 1.5" />
                            <Vertex pos="6.57914e-009 6.57914e-009 3" />
                            <Vertex pos="-0.5 0.5 1.5" />
                            <Vertex pos="-0.5 -0.5 1.5" />
                            <Vertex pos="0.5 -0.5 1.5" />
                        </Vertices>
                        <Face id="50" plane="0 0.948683 0.316228 -0.948683" album="Blasted" material="solid_bm_black" texgens="-1 0 0 64 0 0.316228 -0.948683 -111.312 0 1 1" texRot="0" texScale="1 1" texDiv="256 256">
                            <Indices indices=" 0 1 2" />
                        </Face>
                        <Face id="51" plane="-0.948683 0 0.316228 -0.948683" album="Blasted" material="solid_bm_black" texgens="0 -1 0 192 -0.316228 0 -0.948683 -111.312 0 1 1" texRot="0" texScale="1 1" texDiv="256 256">
                            <Indices indices=" 2 1 3" />
                        </Face>
                        <Face id="52" plane="0 -0.948683 0.316228 -0.948683" album="Blasted" material="solid_bm_black" texgens="1 0 0 320 0 -0.316228 -0.948683 -111.312 0 1 1" texRot="0" texScale="1 1" texDiv="256 256">
                            <Indices indices=" 3 1 4" />
                        </Face>
                        <Face id="53" plane="0.948683 0 0.316228 -0.948683" album="Blasted" material="solid_bm_black" texgens="0 1 0 448 0.316228 0 -0.948683 -111.312 0 1 1" texRot="0" texScale="1 1" texDiv="256 256">
                            <Indices indices=" 4 1 0" />
                        </Face>
                        <Face id="54" plane="-0 -0 -1 1.5" album="Blasted" material="solid_bm_black" texgens="0 1 0 64 1 0 0 -111.312 0 1 1" texRot="0" texScale="1 1" texDiv="256 256">
                            <Indices indices=" 4 0 2 3" />
                        </Face>
                    </Brush>
                    <Brush id="4" owner="0" type="0" pos="-2.7258e-008 19 0" rot="-0.862856 0.357407 -0.357407 1.71777" scale="" transform="0.707107 -0.707107 0 -2.7258e-008 4.21469e-008 4.21468e-008 -1 19 0.707107 0.707107 5.96046e-008 0 0 0 0 1" group="-1" locked="0" nextFaceID="63" nextVertexID="9">
                        <Vertices>
                            <Vertex pos="2 -2 -3" />
                            <Vertex pos="2 2 -3" />
                            <Vertex pos="-2 2 -3" />
                            <Vertex pos="-2 -2 -3" />
                            <Vertex pos="0.833333 0.833333 0.5" />
                            <Vertex pos="-0.833333 0.833333 0.5" />
                            <Vertex pos="-0.833333 -0.833333 0.5" />
                            <Vertex pos="0.833333 -0.833333 0.5" />
                        </Vertices>
                        <Face id="56" plane="-0 -0 -1 -3" album="Blasted" material="solid_bm_black" texgens="-1 0 0 0.5 0 -1 0 0.5 0 1 1" texRot="0" texScale="1 1" texDiv="256 256">
                            <Indices indices=" 0 1 2 3" />
                        </Face>
                        <Face id="57" plane="0 0.948683 0.316228 -0.948683" album="Blasted" material="solid_bm_black" texgens="-1 0 0 64 0 0.316228 -0.948683 -111.312 0 1 1" texRot="0" texScale="1 1" texDiv="256 256">
                            <Indices indices=" 1 4 5 2" />
                        </Face>
                        <Face id="58" plane="-0.948683 0 0.316228 -0.948683" album="Blasted" material="solid_bm_black" texgens="0 -1 0 192 -0.316228 0 -0.948683 -111.312 0 1 1" texRot="0" texScale="1 1" texDiv="256 256">
                            <Indices indices=" 3 2 5 6" />
                        </Face>
                        <Face id="59" plane="0 -0.948683 0.316228 -0.948683" album="Blasted" material="solid_bm_black" texgens="1 0 0 320 0 -0.316228 -0.948683 -111.312 0 1 1" texRot="0" texScale="1 1" texDiv="256 256">
                            <Indices indices=" 0 3 6 7" />
                        </Face>
                        <Face id="60" plane="0.948683 -0 0.316228 -0.948683" album="Blasted" material="solid_bm_black" texgens="0 1 0 448 0.316228 0 -0.948683 -111.312 0 1 1" texRot="0" texScale="1 1" texDiv="256 256">
                            <Indices indices=" 0 7 4 1" />
                        </Face>
                        <Face id="61" plane="0 0 1 -0.5" album="Blasted" material="solid_bm_black" texgens="0 1 0 64 1 0 0 -111.312 0 1 1" texRot="0" texScale="1 1" texDiv="256 256">
                            <Indices indices=" 7 6 5 4" />
                        </Face>
                    </Brush>
                    <Brush id="5" owner="0" type="0" pos="-2.7258e-008 19 0" rot="-0.862856 0.357407 -0.357407 1.71777" scale="" transform="0.707107 -0.707107 0 -2.7258e-008 4.21469e-008 4.21468e-008 -1 19 0.707107 0.707107 5.96046e-008 0 0 0 0 1" group="-1" locked="0" nextFaceID="63" nextVertexID="9">
                        <Vertices>
                            <Vertex pos="0.5 -0.5 1.5" />
                            <Vertex pos="-0.5 -0.5 1.5" />
                            <Vertex pos="-0.5 0.5 1.5" />
                            <Vertex pos="0.5 0.5 1.5" />
                            <Vertex pos="0.833333 0.833333 0.5" />
                            <Vertex pos="-0.833333 0.833333 0.5" />
                            <Vertex pos="-0.833333 -0.833333 0.5" />
                            <Vertex pos="0.833333 -0.833333 0.5" />
                        </Vertices>
                        <Face id="56" plane="0 0 1 -1.5" album="Blasted" material="button_bm" texgens="0 1 0 64 1 0 0 -111.312 0 1 1" texRot="0" texScale="1 1" texDiv="256 256">
                            <Indices indices=" 0 1 2 3" />
                        </Face>
                        <Face id="57" plane="0 0.948683 0.316228 -0.948683" album="Blasted" material="button_bm" texgens="-1 0 0 64 0 0.316228 -0.948683 -111.312 0 1 1" texRot="0" texScale="1 1" texDiv="256 256">
                            <Indices indices=" 4 3 2 5" />
                        </Face>
                        <Face id="58" plane="-0.948683 0 0.316228 -0.948683" album="Blasted" material="button_bm" texgens="0 -1 0 192 -0.316228 0 -0.948683 -111.312 0 1 1" texRot="0" texScale="1 1" texDiv="256 256">
                            <Indices indices=" 5 2 1 6" />
                        </Face>
                        <Face id="59" plane="0 -0.948683 0.316228 -0.948683" album="Blasted" material="button_bm" texgens="1 0 0 320 0 -0.316228 -0.948683 -111.312 0 1 1" texRot="0" texScale="1 1" texDiv="256 256">
                            <Indices indices=" 6 1 0 7" />
                        </Face>
                        <Face id="60" plane="0.948683 -0 0.316228 -0.948683" album="Blasted" material="button_bm" texgens="0 1 0 448 0.316228 0 -0.948683 -111.312 0 1 1" texRot="0" texScale="1 1" texDiv="256 256">
                            <Indices indices=" 7 0 3 4" />
                        </Face>
                        <Face id="61" plane="-0 -0 -1 0.5" album="Blasted" material="button_bm" texgens="0 1 0 64 1 0 0 -111.312 0 1 1" texRot="0" texScale="1 1" texDiv="256 256">
                            <Indices indices=" 7 4 5 6" />
                        </Face>
                    </Brush>
                    <Brush id="6" owner="0" type="0" pos="-1.80676e-007 25 0" rot="-0.862856 0.357407 -0.357407 1.71777" scale="" transform="0.707107 0.707107 -6.18172e-008 -1.80676e-007 4.21469e-008 4.52759e-008 1 25 0.707107 -0.707107 2.21258e-009 0 0 0 0 1" group="-1" locked="0" nextFaceID="56" nextVertexID="6">
                        <Vertices>
                            <Vertex pos="0.5 0.5 1.5" />
                            <Vertex pos="6.57914e-009 6.57914e-009 3" />
                            <Vertex pos="-0.5 0.5 1.5" />
                            <Vertex pos="-0.5 -0.5 1.5" />
                            <Vertex pos="0.5 -0.5 1.5" />
                        </Vertices>
                        <Face id="50" plane="0 0.948683 0.316228 -0.948683" album="Blasted" material="solid_bm_black" texgens="-1 0 0 64 0 0.316228 -0.948683 -111.312 0 1 1" texRot="0" texScale="1 1" texDiv="256 256">
                            <Indices indices=" 0 1 2" />
                        </Face>
                        <Face id="51" plane="-0.948683 0 0.316228 -0.948683" album="Blasted" material="solid_bm_black" texgens="0 -1 0 192 -0.316228 0 -0.948683 -111.312 0 1 1" texRot="0" texScale="1 1" texDiv="256 256">
                            <Indices indices=" 2 1 3" />
                        </Face>
                        <Face id="52" plane="0 -0.948683 0.316228 -0.948683" album="Blasted" material="solid_bm_black" texgens="1 0 0 320 0 -0.316228 -0.948683 -111.312 0 1 1" texRot="0" texScale="1 1" texDiv="256 256">
                            <Indices indices=" 3 1 4" />
                        </Face>
                        <Face id="53" plane="0.948683 0 0.316228 -0.948683" album="Blasted" material="solid_bm_black" texgens="0 1 0 448 0.316228 0 -0.948683 -111.312 0 1 1" texRot="0" texScale="1 1" texDiv="256 256">
                            <Indices indices=" 4 1 0" />
                        </Face>
                        <Face id="54" plane="-0 -0 -1 1.5" album="Blasted" material="solid_bm_black" texgens="0 -1 0 64 1 0 0 -111.312 0 1 1" texRot="0" texScale="1 1" texDiv="256 256">
                            <Indices indices=" 4 0 2 3" />
                        </Face>
                    </Brush>
                    <Brush id="8" owner="0" type="0" pos="-1.80676e-007 25 0" rot="-0.862856 0.357407 -0.357407 1.71777" scale="" transform="0.707107 0.707107 -6.18172e-008 -1.80676e-007 4.21469e-008 4.52759e-008 1 25 0.707107 -0.707107 2.21258e-009 0 0 0 0 1" group="-1" locked="0" nextFaceID="63" nextVertexID="9">
                        <Vertices>
                            <Vertex pos="0.5 -0.5 1.5" />
                            <Vertex pos="-0.5 -0.5 1.5" />
                            <Vertex pos="-0.5 0.5 1.5" />
                            <Vertex pos="0.5 0.5 1.5" />
                            <Vertex pos="0.833333 0.833333 0.5" />
                            <Vertex pos="-0.833333 0.833333 0.5" />
                            <Vertex pos="-0.833333 -0.833333 0.5" />
                            <Vertex pos="0.833333 -0.833333 0.5" />
                        </Vertices>
                        <Face id="56" plane="0 0 1 -1.5" album="Blasted" material="button_bm" texgens="0 -1 0 64 1 0 0 -111.312 0 1 1" texRot="0" texScale="1 1" texDiv="256 256">
                            <Indices indices=" 0 1 2 3" />
                        </Face>
                        <Face id="57" plane="0 0.948683 0.316228 -0.948683" album="Blasted" material="button_bm" texgens="-1 0 0 64 0 0.316228 -0.948683 -111.312 0 1 1" texRot="0" texScale="1 1" texDiv="256 256">
                            <Indices indices=" 4 3 2 5" />
                        </Face>
                        <Face id="58" plane="-0.948683 0 0.316228 -0.948683" album="Blasted" material="button_bm" texgens="0 -1 0 192 -0.316228 0 -0.948683 -111.312 0 1 1" texRot="0" texScale="1 1" texDiv="256 256">
                            <Indices indices=" 5 2 1 6" />
                        </Face>
                        <Face id="59" plane="0 -0.948683 0.316228 -0.948683" album="Blasted" material="button_bm" texgens="1 0 0 320 0 -0.316228 -0.948683 -111.312 0 1 1" texRot="0" texScale="1 1" texDiv="256 256">
                            <Indices indices=" 6 1 0 7" />
                        </Face>
                        <Face id="60" plane="0.948683 -0 0.316228 -0.948683" album="Blasted" material="button_bm" texgens="0 1 0 448 0.316228 0 -0.948683 -111.312 0 1 1" texRot="0" texScale="1 1" texDiv="256 256">
                            <Indices indices=" 7 0 3 4" />
                        </Face>
                        <Face id="61" plane="-0 -0 -1 0.5" album="Blasted" material="button_bm" texgens="0 -1 0 64 1 0 0 -111.312 0 1 1" texRot="0" texScale="1 1" texDiv="256 256">
                            <Indices indices=" 7 4 5 6" />
                        </Face>
                    </Brush>
                    <Brush id="9" owner="0" type="0" pos="-1.80676e-007 25 0" rot="-0.862856 0.357407 -0.357407 1.71777" scale="" transform="0.707107 0.707107 -6.18172e-008 -1.80676e-007 4.21469e-008 4.52759e-008 1 25 0.707107 -0.707107 2.21258e-009 0 0 0 0 1" group="-1" locked="0" nextFaceID="63" nextVertexID="9">
                        <Vertices>
                            <Vertex pos="2 -2 -3" />
                            <Vertex pos="2 2 -3" />
                            <Vertex pos="-2 2 -3" />
                            <Vertex pos="-2 -2 -3" />
                            <Vertex pos="0.833333 0.833333 0.5" />
                            <Vertex pos="-0.833333 0.833333 0.5" />
                            <Vertex pos="-0.833333 -0.833333 0.5" />
                            <Vertex pos="0.833333 -0.833333 0.5" />
                        </Vertices>
                        <Face id="56" plane="-0 -0 -1 -3" album="Blasted" material="solid_bm_black" texgens="-1 0 0 0.5 0 -1 0 0.5 0 1 1" texRot="0" texScale="1 1" texDiv="256 256">
                            <Indices indices=" 0 1 2 3" />
                        </Face>
                        <Face id="57" plane="0 0.948683 0.316228 -0.948683" album="Blasted" material="solid_bm_black" texgens="-1 0 0 64 0 0.316228 -0.948683 -111.312 0 1 1" texRot="0" texScale="1 1" texDiv="256 256">
                            <Indices indices=" 1 4 5 2" />
                        </Face>
                        <Face id="58" plane="-0.948683 0 0.316228 -0.948683" album="Blasted" material="solid_bm_black" texgens="0 -1 0 192 -0.316228 0 -0.948683 -111.312 0 1 1" texRot="0" texScale="1 1" texDiv="256 256">
                            <Indices indices=" 3 2 5 6" />
                        </Face>
                        <Face id="59" plane="0 -0.948683 0.316228 -0.948683" album="Blasted" material="solid_bm_black" texgens="1 0 0 320 0 -0.316228 -0.948683 -111.312 0 1 1" texRot="0" texScale="1 1" texDiv="256 256">
                            <Indices indices=" 0 3 6 7" />
                        </Face>
                        <Face id="60" plane="0.948683 -0 0.316228 -0.948683" album="Blasted" material="solid_bm_black" texgens="0 1 0 448 0.316228 0 -0.948683 -111.312 0 1 1" texRot="0" texScale="1 1" texDiv="256 256">
                            <Indices indices=" 0 7 4 1" />
                        </Face>
                        <Face id="61" plane="0 0 1 -0.5" album="Blasted" material="solid_bm_black" texgens="0 -1 0 64 1 0 0 -111.312 0 1 1" texRot="0" texScale="1 1" texDiv="256 256">
                            <Indices indices=" 7 6 5 4" />
                        </Face>
                    </Brush>
                    <Brush id="10" owner="0" type="0" pos="-2.7258e-008 -25 0" rot="-0.862856 0.357407 -0.357407 1.71777" scale="" transform="0.707107 -0.707107 0 -2.7258e-008 4.21469e-008 4.21468e-008 -1 -25 0.707107 0.707107 5.96046e-008 0 0 0 0 1" group="-1" locked="0" nextFaceID="56" nextVertexID="6">
                        <Vertices>
                            <Vertex pos="0.5 0.5 1.5" />
                            <Vertex pos="6.57914e-009 6.57914e-009 3" />
                            <Vertex pos="-0.5 0.5 1.5" />
                            <Vertex pos="-0.5 -0.5 1.5" />
                            <Vertex pos="0.5 -0.5 1.5" />
                        </Vertices>
                        <Face id="50" plane="0 0.948683 0.316228 -0.948683" album="Blasted" material="solid_bm_black" texgens="-1 0 0 64 0 0.316228 -0.948683 -111.312 0 1 1" texRot="0" texScale="1 1" texDiv="256 256">
                            <Indices indices=" 0 1 2" />
                        </Face>
                        <Face id="51" plane="-0.948683 0 0.316228 -0.948683" album="Blasted" material="solid_bm_black" texgens="0 -1 0 192 -0.316228 0 -0.948683 -111.312 0 1 1" texRot="0" texScale="1 1" texDiv="256 256">
                            <Indices indices=" 2 1 3" />
                        </Face>
                        <Face id="52" plane="0 -0.948683 0.316228 -0.948683" album="Blasted" material="solid_bm_black" texgens="1 0 0 320 0 -0.316228 -0.948683 -111.312 0 1 1" texRot="0" texScale="1 1" texDiv="256 256">
                            <Indices indices=" 3 1 4" />
                        </Face>
                        <Face id="53" plane="0.948683 0 0.316228 -0.948683" album="Blasted" material="solid_bm_black" texgens="0 1 0 448 0.316228 0 -0.948683 -111.312 0 1 1" texRot="0" texScale="1 1" texDiv="256 256">
                            <Indices indices=" 4 1 0" />
                        </Face>
                        <Face id="54" plane="-0 -0 -1 1.5" album="Blasted" material="solid_bm_black" texgens="0 1 0 64 1 0 0 -111.312 0 1 1" texRot="0" texScale="1 1" texDiv="256 256">
                            <Indices indices=" 4 0 2 3" />
                        </Face>
                    </Brush>
                    <Brush id="11" owner="0" type="0" pos="-2.7258e-008 -25 0" rot="-0.862856 0.357407 -0.357407 1.71777" scale="" transform="0.707107 -0.707107 0 -2.7258e-008 4.21469e-008 4.21468e-008 -1 -25 0.707107 0.707107 5.96046e-008 0 0 0 0 1" group="-1" locked="0" nextFaceID="63" nextVertexID="9">
                        <Vertices>
                            <Vertex pos="2 -2 -3" />
                            <Vertex pos="2 2 -3" />
                            <Vertex pos="-2 2 -3" />
                            <Vertex pos="-2 -2 -3" />
                            <Vertex pos="0.833333 0.833333 0.5" />
                            <Vertex pos="-0.833333 0.833333 0.5" />
                            <Vertex pos="-0.833333 -0.833333 0.5" />
                            <Vertex pos="0.833333 -0.833333 0.5" />
                        </Vertices>
                        <Face id="56" plane="-0 -0 -1 -3" album="Blasted" material="solid_bm_black" texgens="-1 0 0 0.5 0 -1 0 0.5 0 1 1" texRot="0" texScale="1 1" texDiv="256 256">
                            <Indices indices=" 0 1 2 3" />
                        </Face>
                        <Face id="57" plane="0 0.948683 0.316228 -0.948683" album="Blasted" material="solid_bm_black" texgens="-1 0 0 64 0 0.316228 -0.948683 -111.312 0 1 1" texRot="0" texScale="1 1" texDiv="256 256">
                            <Indices indices=" 1 4 5 2" />
                        </Face>
                        <Face id="58" plane="-0.948683 0 0.316228 -0.948683" album="Blasted" material="solid_bm_black" texgens="0 -1 0 192 -0.316228 0 -0.948683 -111.312 0 1 1" texRot="0" texScale="1 1" texDiv="256 256">
                            <Indices indices=" 3 2 5 6" />
                        </Face>
                        <Face id="59" plane="0 -0.948683 0.316228 -0.948683" album="Blasted" material="solid_bm_black" texgens="1 0 0 320 0 -0.316228 -0.948683 -111.312 0 1 1" texRot="0" texScale="1 1" texDiv="256 256">
                            <Indices indices=" 0 3 6 7" />
                        </Face>
                        <Face id="60" plane="0.948683 -0 0.316228 -0.948683" album="Blasted" material="solid_bm_black" texgens="0 1 0 448 0.316228 0 -0.948683 -111.312 0 1 1" texRot="0" texScale="1 1" texDiv="256 256">
                            <Indices indices=" 0 7 4 1" />
                        </Face>
                        <Face id="61" plane="0 0 1 -0.5" album="Blasted" material="solid_bm_black" texgens="0 1 0 64 1 0 0 -111.312 0 1 1" texRot="0" texScale="1 1" texDiv="256 256">
                            <Indices indices=" 7 6 5 4" />
                        </Face>
                    </Brush>
                    <Brush id="12" owner="0" type="0" pos="-2.7258e-008 -25 0" rot="-0.862856 0.357407 -0.357407 1.71777" scale="" transform="0.707107 -0.707107 0 -2.7258e-008 4.21469e-008 4.21468e-008 -1 -25 0.707107 0.707107 5.96046e-008 0 0 0 0 1" group="-1" locked="0" nextFaceID="63" nextVertexID="9">
                        <Vertices>
                            <Vertex pos="0.5 -0.5 1.5" />
                            <Vertex pos="-0.5 -0.5 1.5" />
                            <Vertex pos="-0.5 0.5 1.5" />
                            <Vertex pos="0.5 0.5 1.5" />
                            <Vertex pos="0.833333 0.833333 0.5" />
                            <Vertex pos="-0.833333 0.833333 0.5" />
                            <Vertex pos="-0.833333 -0.833333 0.5" />
                            <Vertex pos="0.833333 -0.833333 0.5" />
                        </Vertices>
                        <Face id="56" plane="0 0 1 -1.5" album="Blasted" material="button_bm" texgens="0 1 0 64 1 0 0 -111.312 0 1 1" texRot="0" texScale="1 1" texDiv="256 256">
                            <Indices indices=" 0 1 2 3" />
                        </Face>
                        <Face id="57" plane="0 0.948683 0.316228 -0.948683" album="Blasted" material="button_bm" texgens="-1 0 0 64 0 0.316228 -0.948683 -111.312 0 1 1" texRot="0" texScale="1 1" texDiv="256 256">
                            <Indices indices=" 4 3 2 5" />
                        </Face>
                        <Face id="58" plane="-0.948683 0 0.316228 -0.948683" album="Blasted" material="button_bm" texgens="0 -1 0 192 -0.316228 0 -0.948683 -111.312 0 1 1" texRot="0" texScale="1 1" texDiv="256 256">
                            <Indices indices=" 5 2 1 6" />
                        </Face>
                        <Face id="59" plane="0 -0.948683 0.316228 -0.948683" album="Blasted" material="button_bm" texgens="1 0 0 320 0 -0.316228 -0.948683 -111.312 0 1 1" texRot="0" texScale="1 1" texDiv="256 256">
                            <Indices indices=" 6 1 0 7" />
                        </Face>
                        <Face id="60" plane="0.948683 -0 0.316228 -0.948683" album="Blasted" material="button_bm" texgens="0 1 0 448 0.316228 0 -0.948683 -111.312 0 1 1" texRot="0" texScale="1 1" texDiv="256 256">
                            <Indices indices=" 7 0 3 4" />
                        </Face>
                        <Face id="61" plane="-0 -0 -1 0.5" album="Blasted" material="button_bm" texgens="0 1 0 64 1 0 0 -111.312 0 1 1" texRot="0" texScale="1 1" texDiv="256 256">
                            <Indices indices=" 7 4 5 6" />
                        </Face>
                    </Brush>
                    <Brush id="13" owner="0" type="0" pos="-1.80676e-007 -19 0" rot="-0.862856 0.357407 -0.357407 1.71777" scale="" transform="0.707107 0.707107 -6.18172e-008 -1.80676e-007 4.21469e-008 4.52759e-008 1 -19 0.707107 -0.707107 2.21258e-009 0 0 0 0 1" group="-1" locked="0" nextFaceID="56" nextVertexID="6">
                        <Vertices>
                            <Vertex pos="0.5 0.5 1.5" />
                            <Vertex pos="6.57914e-009 6.57914e-009 3" />
                            <Vertex pos="-0.5 0.5 1.5" />
                            <Vertex pos="-0.5 -0.5 1.5" />
                            <Vertex pos="0.5 -0.5 1.5" />
                        </Vertices>
                        <Face id="50" plane="0 0.948683 0.316228 -0.948683" album="Blasted" material="solid_bm_black" texgens="-1 0 0 64 0 0.316228 -0.948683 -111.312 0 1 1" texRot="0" texScale="1 1" texDiv="256 256">
                            <Indices indices=" 0 1 2" />
                        </Face>
                        <Face id="51" plane="-0.948683 0 0.316228 -0.948683" album="Blasted" material="solid_bm_black" texgens="0 -1 0 192 -0.316228 0 -0.948683 -111.312 0 1 1" texRot="0" texScale="1 1" texDiv="256 256">
                            <Indices indices=" 2 1 3" />
                        </Face>
                        <Face id="52" plane="0 -0.948683 0.316228 -0.948683" album="Blasted" material="solid_bm_black" texgens="1 0 0 320 0 -0.316228 -0.948683 -111.312 0 1 1" texRot="0" texScale="1 1" texDiv="256 256">
                            <Indices indices=" 3 1 4" />
                        </Face>
                        <Face id="53" plane="0.948683 0 0.316228 -0.948683" album="Blasted" material="solid_bm_black" texgens="0 1 0 448 0.316228 0 -0.948683 -111.312 0 1 1" texRot="0" texScale="1 1" texDiv="256 256">
                            <Indices indices=" 4 1 0" />
                        </Face>
                        <Face id="54" plane="-0 -0 -1 1.5" album="Blasted" material="solid_bm_black" texgens="0 -1 0 64 1 0 0 -111.312 0 1 1" texRot="0" texScale="1 1" texDiv="256 256">
                            <Indices indices=" 4 0 2 3" />
                        </Face>
                    </Brush>
                    <Brush id="14" owner="0" type="0" pos="-1.80676e-007 -19 0" rot="-0.862856 0.357407 -0.357407 1.71777" scale="" transform="0.707107 0.707107 -6.18172e-008 -1.80676e-007 4.21469e-008 4.52759e-008 1 -19 0.707107 -0.707107 2.21258e-009 0 0 0 0 1" group="-1" locked="0" nextFaceID="63" nextVertexID="9">
                        <Vertices>
                            <Vertex pos="0.5 -0.5 1.5" />
                            <Vertex pos="-0.5 -0.5 1.5" />
                            <Vertex pos="-0.5 0.5 1.5" />
                            <Vertex pos="0.5 0.5 1.5" />
                            <Vertex pos="0.833333 0.833333 0.5" />
                            <Vertex pos="-0.833333 0.833333 0.5" />
                            <Vertex pos="-0.833333 -0.833333 0.5" />
                            <Vertex pos="0.833333 -0.833333 0.5" />
                        </Vertices>
                        <Face id="56" plane="0 0 1 -1.5" album="Blasted" material="button_bm" texgens="0 -1 0 64 1 0 0 -111.312 0 1 1" texRot="0" texScale="1 1" texDiv="256 256">
                            <Indices indices=" 0 1 2 3" />
                        </Face>
                        <Face id="57" plane="0 0.948683 0.316228 -0.948683" album="Blasted" material="button_bm" texgens="-1 0 0 64 0 0.316228 -0.948683 -111.312 0 1 1" texRot="0" texScale="1 1" texDiv="256 256">
                            <Indices indices=" 4 3 2 5" />
                        </Face>
                        <Face id="58" plane="-0.948683 0 0.316228 -0.948683" album="Blasted" material="button_bm" texgens="0 -1 0 192 -0.316228 0 -0.948683 -111.312 0 1 1" texRot="0" texScale="1 1" texDiv="256 256">
                            <Indices indices=" 5 2 1 6" />
                        </Face>
                        <Face id="59" plane="0 -0.948683 0.316228 -0.948683" album="Blasted" material="button_bm" texgens="1 0 0 320 0 -0.316228 -0.948683 -111.312 0 1 1" texRot="0" texScale="1 1" texDiv="256 256">
                            <Indices indices=" 6 1 0 7" />
                        </Face>
                        <Face id="60" plane="0.948683 -0 0.316228 -0.948683" album="Blasted" material="button_bm" texgens="0 1 0 448 0.316228 0 -0.948683 -111.312 0 1 1" texRot="0" texScale="1 1" texDiv="256 256">
                            <Indices indices=" 7 0 3 4" />
                        </Face>
                        <Face id="61" plane="-0 -0 -1 0.5" album="Blasted" material="button_bm" texgens="0 -1 0 64 1 0 0 -111.312 0 1 1" texRot="0" texScale="1 1" texDiv="256 256">
                            <Indices indices=" 7 4 5 6" />
                        </Face>
                    </Brush>
                    <Brush id="15" owner="0" type="0" pos="-1.80676e-007 -19 0" rot="-0.862856 0.357407 -0.357407 1.71777" scale="" transform="0.707107 0.707107 -6.18172e-008 -1.80676e-007 4.21469e-008 4.52759e-008 1 -19 0.707107 -0.707107 2.21258e-009 0 0 0 0 1" group="-1" locked="0" nextFaceID="63" nextVertexID="9">
                        <Vertices>
                            <Vertex pos="2 -2 -3" />
                            <Vertex pos="2 2 -3" />
                            <Vertex pos="-2 2 -3" />
                            <Vertex pos="-2 -2 -3" />
                            <Vertex pos="0.833333 0.833333 0.5" />
                            <Vertex pos="-0.833333 0.833333 0.5" />
                            <Vertex pos="-0.833333 -0.833333 0.5" />
                            <Vertex pos="0.833333 -0.833333 0.5" />
                        </Vertices>
                        <Face id="56" plane="-0 -0 -1 -3" album="Blasted" material="solid_bm_black" texgens="-1 0 0 0.5 0 -1 0 0.5 0 1 1" texRot="0" texScale="1 1" texDiv="256 256">
                            <Indices indices=" 0 1 2 3" />
                        </Face>
                        <Face id="57" plane="0 0.948683 0.316228 -0.948683" album="Blasted" material="solid_bm_black" texgens="-1 0 0 64 0 0.316228 -0.948683 -111.312 0 1 1" texRot="0" texScale="1 1" texDiv="256 256">
                            <Indices indices=" 1 4 5 2" />
                        </Face>
                        <Face id="58" plane="-0.948683 0 0.316228 -0.948683" album="Blasted" material="solid_bm_black" texgens="0 -1 0 192 -0.316228 0 -0.948683 -111.312 0 1 1" texRot="0" texScale="1 1" texDiv="256 256">
                            <Indices indices=" 3 2 5 6" />
                        </Face>
                        <Face id="59" plane="0 -0.948683 0.316228 -0.948683" album="Blasted" material="solid_bm_black" texgens="1 0 0 320 0 -0.316228 -0.948683 -111.312 0 1 1" texRot="0" texScale="1 1" texDiv="256 256">
                            <Indices indices=" 0 3 6 7" />
                        </Face>
                        <Face id="60" plane="0.948683 -0 0.316228 -0.948683" album="Blasted" material="solid_bm_black" texgens="0 1 0 448 0.316228 0 -0.948683 -111.312 0 1 1" texRot="0" texScale="1 1" texDiv="256 256">
                            <Indices indices=" 0 7 4 1" />
                        </Face>
                        <Face id="61" plane="0 0 1 -0.5" album="Blasted" material="solid_bm_black" texgens="0 -1 0 64 1 0 0 -111.312 0 1 1" texRot="0" texScale="1 1" texDiv="256 256">
                            <Indices indices=" 7 6 5 4" />
                        </Face>
                    </Brush>
                    <Brush id="16" owner="0" type="0" pos="-19 1.98682e-008 -8.88178e-016" rot="-0.678598 -0.281085 -0.678598 2.59356" scale="" transform="-3.55271e-015 -8.42937e-008 1 -19 0.707107 -0.707107 -5.96046e-008 1.98682e-008 0.707107 0.707107 5.96046e-008 -8.88178e-016 0 0 0 1" group="-1" locked="0" nextFaceID="56" nextVertexID="6">
                        <Vertices>
                            <Vertex pos="0.5 0.5 1.5" />
                            <Vertex pos="6.57914e-009 6.57914e-009 3" />
                            <Vertex pos="-0.5 0.5 1.5" />
                            <Vertex pos="-0.5 -0.5 1.5" />
                            <Vertex pos="0.5 -0.5 1.5" />
                        </Vertices>
                        <Face id="50" plane="0 0.948683 0.316228 -0.948683" album="Blasted" material="solid_bm_black" texgens="-1 0 0 64 0 0.316228 -0.948683 -111.312 0 1 1" texRot="0" texScale="1 1" texDiv="256 256">
                            <Indices indices=" 0 1 2" />
                        </Face>
                        <Face id="51" plane="-0.948683 0 0.316228 -0.948683" album="Blasted" material="solid_bm_black" texgens="0 -1 0 192 -0.316228 0 -0.948683 -111.312 0 1 1" texRot="0" texScale="1 1" texDiv="256 256">
                            <Indices indices=" 2 1 3" />
                        </Face>
                        <Face id="52" plane="0 -0.948683 0.316228 -0.948683" album="Blasted" material="solid_bm_black" texgens="1 0 0 320 0 -0.316228 -0.948683 -111.312 0 1 1" texRot="0" texScale="1 1" texDiv="256 256">
                            <Indices indices=" 3 1 4" />
                        </Face>
                        <Face id="53" plane="0.948683 0 0.316228 -0.948683" album="Blasted" material="solid_bm_black" texgens="0 1 0 448 0.316228 0 -0.948683 -111.312 0 1 1" texRot="0" texScale="1 1" texDiv="256 256">
                            <Indices indices=" 4 1 0" />
                        </Face>
                        <Face id="54" plane="-0 -0 -1 1.5" album="Blasted" material="solid_bm_black" texgens="0 1 0 64 1 0 0 -111.312 0 1 1" texRot="0" texScale="1 1" texDiv="256 256">
                            <Indices indices=" 4 0 2 3" />
                        </Face>
                    </Brush>
                    <Brush id="17" owner="0" type="0" pos="-19 1.98682e-008 -8.88178e-016" rot="-0.678598 -0.281085 -0.678598 2.59356" scale="" transform="-3.55271e-015 -8.42937e-008 1 -19 0.707107 -0.707107 -5.96046e-008 1.98682e-008 0.707107 0.707107 5.96046e-008 -8.88178e-016 0 0 0 1" group="-1" locked="0" nextFaceID="63" nextVertexID="9">
                        <Vertices>
                            <Vertex pos="2 -2 -3" />
                            <Vertex pos="2 2 -3" />
                            <Vertex pos="-2 2 -3" />
                            <Vertex pos="-2 -2 -3" />
                            <Vertex pos="0.833333 0.833333 0.5" />
                            <Vertex pos="-0.833333 0.833333 0.5" />
                            <Vertex pos="-0.833333 -0.833333 0.5" />
                            <Vertex pos="0.833333 -0.833333 0.5" />
                        </Vertices>
                        <Face id="56" plane="-0 -0 -1 -3" album="Blasted" material="solid_bm_black" texgens="-1 0 0 0.5 0 -1 0 0.5 0 1 1" texRot="0" texScale="1 1" texDiv="256 256">
                            <Indices indices=" 0 1 2 3" />
                        </Face>
                        <Face id="57" plane="0 0.948683 0.316228 -0.948683" album="Blasted" material="solid_bm_black" texgens="-1 0 0 64 0 0.316228 -0.948683 -111.312 0 1 1" texRot="0" texScale="1 1" texDiv="256 256">
                            <Indices indices=" 1 4 5 2" />
                        </Face>
                        <Face id="58" plane="-0.948683 0 0.316228 -0.948683" album="Blasted" material="solid_bm_black" texgens="0 -1 0 192 -0.316228 0 -0.948683 -111.312 0 1 1" texRot="0" texScale="1 1" texDiv="256 256">
                            <Indices indices=" 3 2 5 6" />
                        </Face>
                        <Face id="59" plane="0 -0.948683 0.316228 -0.948683" album="Blasted" material="solid_bm_black" texgens="1 0 0 320 0 -0.316228 -0.948683 -111.312 0 1 1" texRot="0" texScale="1 1" texDiv="256 256">
                            <Indices indices=" 0 3 6 7" />
                        </Face>
                        <Face id="60" plane="0.948683 -0 0.316228 -0.948683" album="Blasted" material="solid_bm_black" texgens="0 1 0 448 0.316228 0 -0.948683 -111.312 0 1 1" texRot="0" texScale="1 1" texDiv="256 256">
                            <Indices indices=" 0 7 4 1" />
                        </Face>
                        <Face id="61" plane="0 0 1 -0.5" album="Blasted" material="solid_bm_black" texgens="0 1 0 64 1 0 0 -111.312 0 1 1" texRot="0" texScale="1 1" texDiv="256 256">
                            <Indices indices=" 7 6 5 4" />
                        </Face>
                    </Brush>
                    <Brush id="18" owner="0" type="0" pos="-19 1.98682e-008 -8.88178e-016" rot="-0.678598 -0.281085 -0.678598 2.59356" scale="" transform="-3.55271e-015 -8.42937e-008 1 -19 0.707107 -0.707107 -5.96046e-008 1.98682e-008 0.707107 0.707107 5.96046e-008 -8.88178e-016 0 0 0 1" group="-1" locked="0" nextFaceID="63" nextVertexID="9">
                        <Vertices>
                            <Vertex pos="0.5 -0.5 1.5" />
                            <Vertex pos="-0.5 -0.5 1.5" />
                            <Vertex pos="-0.5 0.5 1.5" />
                            <Vertex pos="0.5 0.5 1.5" />
                            <Vertex pos="0.833333 0.833333 0.5" />
                            <Vertex pos="-0.833333 0.833333 0.5" />
                            <Vertex pos="-0.833333 -0.833333 0.5" />
                            <Vertex pos="0.833333 -0.833333 0.5" />
                        </Vertices>
                        <Face id="56" plane="0 0 1 -1.5" album="Blasted" material="button_bm" texgens="0 1 0 64 1 0 0 -111.312 0 1 1" texRot="0" texScale="1 1" texDiv="256 256">
                            <Indices indices=" 0 1 2 3" />
                        </Face>
                        <Face id="57" plane="0 0.948683 0.316228 -0.948683" album="Blasted" material="button_bm" texgens="-1 0 0 64 0 0.316228 -0.948683 -111.312 0 1 1" texRot="0" texScale="1 1" texDiv="256 256">
                            <Indices indices=" 4 3 2 5" />
                        </Face>
                        <Face id="58" plane="-0.948683 0 0.316228 -0.948683" album="Blasted" material="button_bm" texgens="0 -1 0 192 -0.316228 0 -0.948683 -111.312 0 1 1" texRot="0" texScale="1 1" texDiv="256 256">
                            <Indices indices=" 5 2 1 6" />
                        </Face>
                        <Face id="59" plane="0 -0.948683 0.316228 -0.948683" album="Blasted" material="button_bm" texgens="1 0 0 320 0 -0.316228 -0.948683 -111.312 0 1 1" texRot="0" texScale="1 1" texDiv="256 256">
                            <Indices indices=" 6 1 0 7" />
                        </Face>
                        <Face id="60" plane="0.948683 -0 0.316228 -0.948683" album="Blasted" material="button_bm" texgens="0 1 0 448 0.316228 0 -0.948683 -111.312 0 1 1" texRot="0" texScale="1 1" texDiv="256 256">
                            <Indices indices=" 7 0 3 4" />
                        </Face>
                        <Face id="61" plane="-0 -0 -1 0.5" album="Blasted" material="button_bm" texgens="0 1 0 64 1 0 0 -111.312 0 1 1" texRot="0" texScale="1 1" texDiv="256 256">
                            <Indices indices=" 7 4 5 6" />
                        </Face>
                    </Brush>
                    <Brush id="19" owner="0" type="0" pos="-25 1.98682e-008 -8.88178e-016" rot="-0.678598 -0.281085 -0.678598 2.59356" scale="" transform="-3.55271e-015 -3.12907e-009 -1 -25 0.707107 0.707107 -2.21259e-009 1.98682e-008 0.707107 -0.707107 2.21258e-009 -8.88178e-016 0 0 0 1" group="-1" locked="0" nextFaceID="56" nextVertexID="6">
                        <Vertices>
                            <Vertex pos="0.5 0.5 1.5" />
